690
759
13
542
722
275
771
621
328
985
485
503
140
955
856
917
45
911
80
409
145
364
880
373
564
794
188
196
621
148
19
89
473
651
352
554
599
232
672
304
138
893
726
102
565
640
817
292
232
29
855
191
457
80
947
174
102
92
161
339
383
290
923
205
400
225
980
222
324
558
641
374
493
776
935
99
448
451
96
34
590
615
96
135
20
485
699
620
140
654
761
314
188
983
161
98
749
980
595
198
526
592
338
178
214
486
46
744
689
72
760
340
674
441
926
44
390
281
998
635
377
565
720
460
122
480
748
245
129
770
698
967
249
978
832
920
201
723
886
835
916
145
669
125
608
951
630
685
436
63
736
399
266
765
881
700
292
216
333
594
211
925
676
364
74
305
46
94
89
443
186
519
61
373
700
210
277
877
556
587
424
388
523
803
322
234
977
752
685
787
218
164
708
514
95
8
979
449
16
758
690
759
13
542
722
275
771
621
328
985
485
503
140
955
856
917
45
911
80
409
145
364
880
373
564
794
188
196
621
148
19
89
473
651
352
554
599
232
672
304
138
893
726
102
565
640
817
292
232
29
855
191
457
80
947
174
102
92
161
339
383
290
923
205
400
225
980
222
324
558
641
374
493
776
935
99
448
451
96
34
590
615
96
135
20
485
699
620
140
654
761
314
188
983
161
98
749
980
595
198
526
592
338
178
214
486
46
744
689
72
760
340
674
441
926
44
390
281
998
635
377
565
720
460
122
480
748
245
129
770
698
967
249
978
832
920
201
723
886
835
916
145
669
125
608
951
630
685
436
63
736
399
266
765
881
700
292
216
333
594
211
925
676
364
74
305
46
94
89
443
186
519
61
373
700
210
277
877
556
587
424
388
523
803
322
234
977
752
685
787
218
164
708
514
95
8
979
449
16
758
