881
813
59
189
753
994
347
191
525
965
914
429
817
519
725
222
904
407
350
504
671
451
439
897
961
421
649
297
484
472
714
759
192
277
725
150
152
366
772
483
921
415
376
694
511
748
97
491
575
322
417
884
735
294
514
92
570
52
536
147
135
278
185
969
865
385
185
753
354
789
482
636
608
225
905
774
841
240
28
369
251
924
319
468
492
509
774
719
96
366
268
806
873
141
617
151
737
381
963
586
67
106
628
869
367
824
137
457
940
703
450
876
975
183
325
899
162
37
373
444
968
415
808
22
125
474
895
173
243
661
598
870
759
321
163
315
241
735
171
611
346
302
88
377
632
648
279
232
117
489
285
176
406
555
874
967
135
208
454
463
668
469
767
471
2
862
237
505
899
284
837
856
856
345
153
428
706
420
576
852
601
181
90
974
237
902
724
229
667
187
394
320
871
448
458
379
136
126
365
213
25
562
353
581
907
178
905
481
416
445
54
500
202
286
510
27
506
739
435
597
469
72
847
533
713
244
971
709
301
461
263
265
286
725
908
461
613
808
117
971
70
1000
19
773
196
575
999
419
256
96
11
130
401
779
90
513
533
675
198
761
197
542
48
417
54
608
41
787
812
772
695
855
73
656
420
657
179
652
841
793
812
31
199
136
195
894
150
330
696
186
726
780
804
965
403
978
686
193
70
837
810
692
85
528
981
27
157
94
36
242
766
922
937
38
501
563
951
983
567
89
357
110
928
944
534
694
396
360
90
458
245
158
325
595
139
364
917
644
473
735
25
132
852
170
140
207
359
407
321
50
593
797
297
497
1000
827
991
783
615
87
389
848
787
547
184
278
43
404
445
967
494
673
23
191
462
269
393
159
10
184
189
354
545
688
623
584
154
79
868
481
673
154
452
591
356
774
622
672
19
735
43
527
486
366
882
318
824
766
867
386
569
771
687
387
946
855
484
7
521
474
687
738
253
422
346
699
747
989
941
950
14
823
80
609
86
891
367
6
247
9
734
4
962
602
299
146
232
293
708
298
227
287
149
677
527
246
12
104
381
642
400
651
761
721
651
546
969
277
600
74
246
396
111
329
495
651
6
858
728
128
802
300
802
387
619
111
412
791
325
658
255
979
826
939
295
592
421
420
413
975
810
294
329
41
178
749
629
945
218
176
53
777
122
459
306
552
395
147
78
693
858
509
794
795
521
715
836
801
461
628
892
69
586
911
804
940
314
532
96
328
348
951
43
303
569
858
201
908
2
773
827
532
734
213
181
367
224
686
76
272
908
734
755
859
946
808
356
387
75
226
747
469
873
643
694
116
579
60
105
289
853
778
751
583
406
813
347
761
155
929
419
521
857
518
214
533
111
982
124
223
298
994
756
938
139
497
379
93
107
590
776
909
278
405
165
211
541
955
479
430
398
943
150
903
430
576
832
976
86
252
16
711
267
786
821
949
447
460
141
53
206
157
24
123
771
459
480
187
1000
257
278
723
596
436
88
718
479
984
390
310
993
982
821
285
377
900
43
624
634
577
504
825
999
867
277
791
166
215
383
412
275
780
364
83
883
13
822
756
721
625
61
61
286
633
198
222
569
93
617
113
742
251
953
493
434
5
13
926
37
246
371
210
200
513
660
762
230
757
539
635
839
9
382
624
480
728
119
438
478
857
605
179
328
502
147
116
845
575
714
858
987
163
794
320
414
834
3
332
385
737
323
535
791
618
72
651
394
952
356
8
485
108
353
859
965
447
234
747
41
869
945
769
11
162
783
763
447
244
542
597
528
276
810
670
202
530
574
874
50
772
138
417
537
698
514
723
967
953
770
102
405
211
526
550
427
24
958
863
976
587
415
714
103
498
548
602
494
491
739
770
11
320
668
525
167
167
252
617
676
873
920
344
563
93
893
85
861
488
164
88
580
538
706
5
482
120
830
15
503
802
12
141
72
913
926
263
42
895
986
55
127
674
319
470
767
878
377
290
39
30
324
585
23
367
789
932
805
738
115
107
488
899
221
305
599
530
109
700
711
326
610
283
291
665
979
452
862
620
23
849
756
495
850
54
974
533
994
978
189
602
576
536
222
906
801
249
187
584
220
239
658
591
550
864
990
489
929
277
131
849
507
838
648
55
539
909
373
151
862
763
924
134
751
874
868
187
110
817
271
294
431
189
534
672
179
762
907
918
876
510
611
891
761
862
671
800
241
416
295
483
533
428
991
738
918
631
422
754
870
501
193
536
762
298
535
139
829
662
925
284
88
99
282
388
292
668
204
832
266
835
